894
4014
0
706
9185
6711
1938
0
6347
6180
7119
1126
2381
265
5749
1714
7793
8126
7580
8774
6010
7302
3120
6354
4264
6202
9431
5697
9649
130
0
9046
4020
6552
6081
2898
4880
1619
3841
5730
6399
1928
5652
7970
7342
2044
0
6837
3908
8724
8403
0
2162
3933
3031
4105
6341
3499
2473
345
3455
590
3247
7029
3526
1397
1596
0
1819
142
4424
0
6228
8141
2437
6420
5578
0
5615
0
0
8142
2242
0
3434
2956
1041
8764
7888
2720
2527
4386
9060
5950
0
9311
0
8775
2513
9457
6847
5023
0
9277
5319
5397
9207
0
8840
6114
0
6184
2844
0
9710
0
3312
9859
0
3529
3016
5097
9156
3490
7289
1559
2943
6981
7132
476
3655
7516
3859
0
0
8307
0
7374
7690
7468
134
8016
0
1238
3771
6710
1858
0
2218
1817
8172
9802
8287
4000
1564
2719
8112
7045
6289
9654
7506
5348
5651
8200
928
4931
9373
5636
8152
8539
8049
2612
1120
9372
9120
0
8586
7816
4378
6835
51
1750
1477
1463
0
7693
6129
937
6018
7315
7541
0
0
0
3609
7136
7897
3376
7167
3108
3379
6510
4376
0
6987
79
6517
257
6181
8077
4676
7637
4117
7195
0
2835
8448
3989
9173
8937
0
1510
3129
5888
5268
8481
9422
9068
1899
1883
0
9333
6781
7090
4197
3356
8303
6238
7900
1333
4767
2505
5893
6763
6956
7666
1377
8783
2184
0
1114
5141
9009
6993
6403
4315
6579
4078
4147
7441
7674
7407
1741
9954
5316
6070
5786
1176
7992
8854
5791
5926
7254
4101
2668
5104
4711
2914
704
7563
1081
4841
0
4507
8429
0
3792
3577
2260
7964
5427
7899
4986
6887
3564
0
9552
198
0
4594
8620
0
8226
7476
8463
3143
4957
9784
2351
5575
871
8877
6112
2171
2048
980
957
8700
7966
8203
1226
4836
4829
8078
9600
7984
938
9072
4928
0
116
1385
3987
0
0
0
4127
2052
272
0
2465
3032
8996
2170
1578
2715
9536
6852
2407
9896
1243
4997
0
6815
5596
7126
738
553
7725
8503
0
3107
2216
973
3141
2038
1351
3810
0
3959
6843
47
4296
1320
6674
5904
3133
5927
9538
7732
3654
7189
2598
0
2575
0
2264
6481
0
6365
9667
0
13
384
8234
4680
6308
5896
4686
8932
1747
4531
6199
2141
2729
2217
5230
6541
7052
6910
675
9339
2875
1931
0
9955
7106
0
0
3179
0
3555
1021
1624
7866
89
9418
9516
6906
8849
9241
2061
7985
8196
5692
3130
733
8582
3246
8584
9716
0
5446
6834
7340
7259
7772
7288
2489
0
945
5820
4275
2763
1994
1192
9093
5149
351
0
935
2710
2060
6054
6867
1577
4325
9299
9544
1285
547
5218
4764
6831
2600
5626
8471
653
9568
9844
3276
0
7715
1002
0
0
302
4830
4722
8831
6889
4425
3670
3090
98
9528
7463
0
2201
2934
331
7426
6706
7010
1760
6398
6194
0
7058
0
4466
828
1214
1170
6157
2933
5750
0
4297
2095
7388
4970
9341
7886
0
5361
2491
6600
583
3973
1645
1141
0
2043
2459
7718
4212
1838
1023
3405
0
538
0
3364
2925
3902
4225
4452
2783
8023
579
4036
2332
2816
0
4631
9641
6067
669
8713
0
6315
9634
7675
9842
1549
4777
0
9437
6659
6565
6854
1331
5582
0
3477
6571
7937
3861
0
4473
320
2625
2622
5865
6166
4367
6870
9273
4013
2812
4616
7710
7062
6340
8589
3796
2282
9262
1692
934
3588
0
6208
1369
7994
359
5216
690
9605
4320
8417
370
7676
3941
6784
8404
3530
5235
1467
5186
9443
5643
4230
9651
5923
6086
783
3435
6672
3637
5966
7384
9337
7761
2686
9530
3205
6298
5914
6934
7722
6286
7150
7438
940
2983
0
9532
1043
4861
9130
1585
8995
9973
3614
7798
5279
2896
2398
8381
2569
5305
8875
1916
2765
3429
795
1475
1229
6224
2699
6425
3558
1220
8371
4130
2749
6790
0
9543
1262
4097
9197
5430
7647
1161
4233
6786
2897
9199
6532
9937
5124
916
595
7946
2281
6564
5985
8440
3047
9503
4941
0
9558
4787
5516
7743
8789
5943
2420
0
1733
8295
5109
1086
8530
2632
4553
8446
8858
9367
2265
8993
7490
487
8636
6901
0
6814
2293
5425
7304
9011
1080
1738
2919
8544
4938
3313
7206
8089
0
2134
8212
4587
2090
3285
3029
9801
7778
0
0
7721
9467
6379
7305
8779
4361
4743
6364
9902
4797
0
3508
2092
7921
2070
667
956
6958
5208
0
0
6227
4757
0
4791
8531
0
1629
4017
439
2534
9963
191
927
8729
0
8118
7867
1699
2146
6971
9788
3536
3538
7396
4832
0
0
6918
141
1284
0
4333
482
6444
0
7654
4304
8163
0
3892
7613
4305
8604
0
8568
5736
7229
5922
9861
480
833
7799
0
6555
3817
4164
3184
8249
7685
7261
6521
6272
540
1575
6821
9212
7169
9404
9559
1
0
9222
0
3571
9747
7699
4747
3557
9881
806
5144
7362
6689
5534
6849
3601
0
6338
2076
4795
0
0
4003
8224
1646
9190
6970
9081
4189
1423
2320
713
631
8867
330
3168
3048
3695
8033
2474
8595
4958
539
236
6530
1059
9750
6410
8512
6652
549
5344
8385
5471
9668
5748
7116
5556
1053
2484
4191
9381
387
255
9617
8573
8730
1662
6201
686
9444
5579
7724
9574
7336
5535
4208
4389
6071
0
7080
238
7057
7400
8923
6908
6952
3483
0
0
666
918
3840
9764
612
9685
4266
3426
8074
9261
9470
5217
4851
2665
7779
6795
6269
5789
1048
4554
6942
8204
2406
0
6248
2585
6698
4854
7181
0
878
3028
8699
4806
9934
3704
9034
7098
7953
5589
7379
8171
1764
6643
6124
1555
3604
5766
1536
2155
5291
5058
8418
2532
1900
1254
1869
0
8029
1077
3693
120
4129
9662
5363
5464
