822
6742
3376
1043
1954
0
9280
2103
2745
2633
0
8615
6570
6810
7391
3578
5387
3226
940
0
8509
7678
9054
6109
7830
5304
6873
165
709
7953
0
585
7666
0
9652
1251
4141
0
5966
862
2974
7238
9121
3000
8881
1518
5804
2580
9189
1611
0
6821
8095
3480
0
4393
1593
4028
0
8841
7147
6975
1961
6555
766
0
415
1923
0
1157
5671
7383
1075
9041
610
1042
875
1725
0
0
6257
0
2925
0
7050
5957
174
5585
7865
2626
935
5119
2007
5630
5194
9791
4530
5258
359
5402
6115
8373
0
0
0
1329
7974
0
9739
4374
5818
3495
6496
5471
3254
9553
0
7718
1022
7127
6234
2094
0
0
0
0
0
794
4200
1348
1073
9399
4214
2459
2005
0
3468
0
1383
2386
5819
9352
0
0
5756
6636
3466
9239
9486
9480
9414
2194
3572
4191
6151
337
7374
1262
3031
1658
0
5139
3539
5323
3465
1813
183
0
5246
9642
3653
11
8543
6034
7622
1159
4248
2587
7290
3900
7229
3155
3941
6701
0
6970
1529
0
0
2529
0
5653
4020
8113
3998
5798
1448
7294
7082
0
0
0
1220
3836
2294
714
8803
0
6557
0
7367
9932
0
1268
8428
341
787
6653
6790
4172
5452
9984
1017
1196
0
0
4246
4928
835
6108
2857
9695
1665
6969
0
1158
3759
3779
1150
0
1124
8377
2666
6356
8278
0
9260
7114
9492
0
1036
9156
7388
7355
8288
0
5724
7729
350
5487
2219
8255
7937
0
1532
3513
1591
0
2997
8262
0
7709
0
3326
8689
7790
3462
8089
9380
8531
4781
9627
0
534
0
0
6733
968
2355
6422
0
6231
0
6449
3700
2435
5768
4015
8667
0
2387
0
2992
0
8222
2636
3566
8031
9726
4531
8816
0
0
0
7462
5551
0
6097
1285
9441
6173
0
0
6394
3384
0
5777
8022
5164
5052
3356
342
290
5489
8610
0
0
7278
2533
6797
5601
7556
0
1627
2451
0
6954
9477
4087
5138
5613
1025
2536
116
7151
6363
9950
0
7253
6884
0
8126
2577
9772
1112
2503
6660
9967
0
99
3733
9544
1629
0
251
1708
8572
2080
4174
2657
0
9938
5355
0
8553
0
9517
6933
1842
6503
0
1863
1113
6217
465
9390
3012
9503
8455
0
0
156
7945
9397
5950
1377
8439
7408
3214
2329
9998
9538
436
2544
1523
7441
3729
2603
0
7268
1392
6482
7427
8099
1350
7122
3724
5206
3806
3265
0
7021
0
3450
1335
9955
6223
6341
2762
0
2975
6692
4648
6791
5180
5681
3575
1442
1571
5508
0
5440
7614
7563
9591
4211
3461
8311
4930
8437
1772
8683
0
9481
0
3213
9079
9190
0
5645
7004
8733
4376
4577
7213
8727
7354
0
224
1963
6491
31
5106
4146
0
6306
6331
0
0
3606
0
5114
6766
0
5674
3567
1810
0
600
6188
8539
1785
894
7346
0
0
0
2006
4669
1258
666
5698
6693
5294
9457
6971
4116
5820
479
4785
9308
1908
3946
7606
3322
6043
7262
8834
2551
1468
0
654
2660
0
771
2753
1007
6088
8743
0
7469
6827
4515
4293
6292
0
5183
8271
5526
6533
0
6263
7747
589
0
1243
2465
9040
7413
8150
0
964
4179
8715
240
6823
0
8307
6424
7103
6771
4095
1298
9343
432
4583
348
1488
7157
4626
52
437
2612
2362
0
0
9758
7200
6617
1055
289
3678
6882
9094
0
0
4022
7890
763
9697
6830
5596
4982
5094
5871
6681
1768
6989
6973
9850
4588
3240
2097
9680
7891
3957
6553
0
785
9980
0
7305
3103
2233
6966
0
1801
6213
3833
1370
0
3897
6343
4108
1254
5696
1500
8399
1608
7372
0
0
8291
9729
9640
7052
452
5134
5996
2034
4513
1848
1756
4254
8952
0
2594
5329
0
3150
0
0
7627
195
6565
0
4488
0
9742
4155
5624
2457
9276
5926
2154
5275
8721
0
2524
8887
0
9915
8756
3061
13
1522
7746
7664
8797
6640
7683
2590
795
5324
3716
4795
7661
5448
3160
3934
449
2707
2932
4630
4947
0
2951
8611
3107
6372
122
0
2847
5136
6760
6186
7308
6595
2047
1897
0
8956
2104
1677
9924
3758
1217
1800
5255
4923
8274
7471
7850
0
1907
3682
9145
1096
8891
8766
0
227
4299
39
8999
7154
9135
4336
2033
1244
0
0
5290
3829
3510
7133
3542
3338
8149
0
0
6432
0
1138
1879
6583
877
1715
5737
2013
4272
372
0
7251
7329
6627
7708
2275
5409
1361
0
2312
5357
3173
7207
9412
0
1178
2845
0
3518
7273
7187
5931
5841
0
689
3913
0
0
2009
9082
0
0
5644
7995
1553
3903
3775
103
5852
6239
2053
2265
0
9497
93
6390
3362
8139
2495
8989
682
8850
9671
7404
0
7467
895
4079
8575
1369
6371
7543
2752
1452
6197
0
1121
0
5091
4868
4997
3915
0
1940
8021
7970
0
1167
4147
8398
5384
0
0
6753
1685
0
4802
4223
8254
9890
6875
1586
9109
2000
1261
765
4936
9849
4511
6068
4408
1140
0
7205
221
7412
4061
8083
8494
3592
5857
0
0
313
6265
6487
9134
7003
5905
6305
0
6362
2600
9336
3991
2703
9315
2467
1005
1067
5563
0
6285
187
5274
7572
4320
5643
7753
6365
0
0
7509
1671
0
5665
5089
1581
9097
7421
4480
200
0
5163
8314
0
9856
3315
7159
3822
1193
4557
0
2719
0
5691
203
7106
2802
0
3730
0
743
1920
6641
3416
9508
6802
6450
0
7645
6855
5694
3789
6904
7193
0
6908
9303
9331
0
9208
8035
4327
8966
2071
0
7638
9661
0
8979
9171
471
0
5212
1280
8015
9312
0
4438
7403
4597
9431
444
0
829
3509
211
1872
5359
9506
5720
6409
0
8375
0
3638
884
0
