882
5524
8142
8592
5947
637
8655
4232
4274
6803
8601
6583
4040
2588
4357
3410
6884
2419
566
5768
9435
2344
1821
6808
7738
3930
8850
2627
3622
1146
8802
4252
3857
526
1802
1667
6891
1694
703
7238
8453
2725
3129
6330
3080
6003
3356
325
362
8028
2801
2010
4695
6263
3134
3474
7058
7951
5236
4486
5592
3782
3482
3073
1198
3065
2578
5499
6534
2886
6335
4186
3883
715
1313
7201
5327
4609
1403
1741
8599
5463
1885
3818
2807
6385
5812
3831
2266
4209
672
7140
6476
9688
4257
8757
0
4025
9206
8588
9172
7248
1268
247
5703
4872
6256
4227
1291
78
3988
982
5394
2206
4907
5944
1856
4288
406
4694
6215
9038
4817
8647
9942
8203
577
9777
4800
6564
6423
9995
282
1126
8942
1068
2887
586
9807
7592
1500
3961
9626
9616
5672
396
4665
8429
8770
3705
1286
7770
7354
8168
1226
3085
6236
1652
9280
792
9889
4090
5196
4958
8034
9858
1239
3233
5384
5338
8962
7355
8061
9914
4685
3867
3032
4969
6511
791
1579
7103
9378
7110
4647
4986
2047
4363
6261
8989
3369
1870
993
6499
839
16
3989
5740
7525
2180
7057
17
2774
9796
8039
5011
184
224
6198
2581
4770
3422
6878
5219
6114
5145
794
8162
4057
9143
9369
1323
6120
1565
0
5891
265
707
2802
6632
1371
7959
6030
1996
3313
8106
902
7319
5635
8553
2058
4239
4945
1852
2678
3305
4192
5264
9095
2563
3796
8135
2755
9667
4472
2957
4362
5502
2136
6986
4798
0
5738
0
5156
2452
6638
4581
2463
6390
6987
3070
2373
9751
8749
8018
2996
8114
1434
0
1764
2968
5448
4963
7714
8999
125
0
5407
4769
0
5116
3458
2
4377
4809
849
8742
2353
1432
2900
5428
8293
9823
1254
930
808
9893
9621
6010
9096
4222
2280
2992
2870
1904
7808
1211
6041
6938
0
8659
4566
1064
8565
7450
731
1612
6146
924
8723
58
3046
6997
3652
3242
8525
2527
945
8950
1361
175
19
5841
0
6555
6589
3441
263
6700
1790
4664
9429
6647
1911
9895
2170
8185
5005
3400
0
8703
9547
6669
1116
1390
5004
2102
748
7216
2516
9409
15
7532
7950
6154
8557
2780
2141
3011
9923
9919
7174
0
9137
0
9
4787
8358
584
9029
7706
3791
7304
2752
7072
3617
9748
5288
5824
9803
573
204
4006
1459
6634
296
574
5711
4394
8416
8017
7963
1320
8140
3083
4406
1311
276
3199
8043
9366
4387
8074
4764
4544
7534
495
0
9221
6596
6615
536
2955
5371
5943
5511
7066
3031
9211
7864
7162
7577
3687
7425
6388
1914
1364
1573
5287
8045
385
1881
6139
2460
6356
4984
5861
8541
291
7196
5055
7735
7833
2398
2894
7517
1162
6428
1003
7555
9525
1163
9597
8150
433
4351
9873
5367
244
2973
8433
8322
9526
9503
9386
2943
4858
685
3367
5122
9445
8441
8911
8280
2797
9620
5163
2995
4021
4933
153
9267
7546
2875
11
4487
43
6116
1436
0
3982
3843
1417
6883
6104
3172
0
8838
0
1489
0
8763
5168
7691
0
8279
2920
4207
5348
4069
1601
6129
4527
0
1564
0
0
9555
6172
9945
5120
4826
9021
5060
6418
6715
5066
9214
705
6671
2263
1907
2439
3713
8692
4900
0
0
4369
3309
2347
9568
2806
3956
8338
2155
2436
7614
6468
5003
6439
8954
904
0
0
3230
7694
0
0
3036
7901
3526
1820
7739
3457
6635
3789
3947
2004
6395
9749
8895
4824
4586
4130
7285
4916
4673
5893
4882
9133
6679
5251
4585
3570
93
6243
1423
2089
9163
2408
0
8878
150
6016
9743
8580
9631
5510
7847
3946
8124
6952
273
3430
333
8263
8662
2052
8698
3995
2639
7359
1590
1556
5929
3106
7352
5617
7589
3278
9953
0
7852
896
8903
6291
5608
0
598
6483
747
9339
4864
6695
7071
0
4591
9275
6026
2125
8257
7600
1814
1965
3254
7403
9260
3763
1380
5184
2766
3936
1324
1621
3653
1931
7301
1906
5985
5167
0
6789
4083
3485
771
4188
6096
3983
358
3742
1027
8764
2342
6516
4153
8722
8407
4418
8207
4553
2667
9251
5853
6117
0
7293
8495
0
1475
502
1677
7574
4446
9254
0
4873
8634
9153
3644
9093
0
3757
8063
0
7050
8040
2537
2313
7810
85
0
0
7839
8456
6527
3058
0
7860
7882
2983
5390
0
2727
4200
5868
1629
3013
6579
8414
0
2033
2160
464
1632
0
4818
8570
0
8497
2392
1636
0
0
6586
2739
4997
7746
3452
0
0
957
0
6067
9898
1128
4653
1653
5241
9772
9757
5403
0
0
0
179
675
0
2768
7084
0
0
8775
0
7772
6525
5967
8096
7667
7725
0
0
5245
9017
3917
2073
0
2969
6376
5933
0
592
6518
4594
9746
0
3325
6447
1634
0
8340
5244
0
0
0
4412
0
5438
6936
7742
3578
3071
9646
0
8204
6562
1046
0
3273
0
1993
1138
0
0
0
5193
0
9588
8523
2551
0
3832
0
6699
1875
5252
8776
6171
1898
0
1866
9741
2579
2029
0
7100
0
5204
8669
6890
0
0
1928
0
7871
829
3732
3599
1172
5001
7812
5652
9782
0
856
7638
5959
3902
968
9140
5396
6668
8173
0
0
0
0
4063
0
0
3193
1175
7345
6722
5556
0
0
8480
925
7464
0
2202
9508
2230
4190
0
5451
0
4241
6359
6939
5414
0
0
0
1395
2306
0
0
8519
0
0
6275
1658
9723
0
1431
0
3876
5149
2526
4117
4425
3385
0
0
0
2790
1166
9699
3056
0
1496
4645
1140
1201
4320
1918
0
4948
0
4421
5802
7508
7505
0
9347
349
9537
0
5094
4923
0
0
9191
0
9484
6411
6033
0
0
1522
2788
3075
2251
3544
8099
6893
117
0
7649
0
4010
7655
1606
9928
6408
9338
8700
0
